[gd_scene format=3 uid="uid://crmuvo122vlqk"]

[ext_resource type="Texture2D" uid="uid://cmy8srtirkq5w" path="res://art/environment/T_Grass.png" id="1_m3ocq"]
[ext_resource type="Material" uid="uid://cidx77nbsht47" path="res://levels/rock.tres" id="2_6bh7p"]
[ext_resource type="PackedScene" uid="uid://opmn5mrir4jc" path="res://hole/hole.tscn" id="3_yetvl"]
[ext_resource type="PackedScene" uid="uid://b5lgxsfykvq31" path="res://items/ball.tscn" id="4_tv6r2"]
[ext_resource type="PackedScene" uid="uid://beuhof4d84i5o" path="res://items/bat.tscn" id="4_uqcia"]
[ext_resource type="PackedScene" uid="uid://bbvxjns3aym1k" path="res://obstacles/hedge.tscn" id="5_7bdfl"]
[ext_resource type="PackedScene" uid="uid://bj485t2ul33ix" path="res://items/club.tscn" id="5_vd2jn"]
[ext_resource type="PackedScene" uid="uid://b2e0ju6ian5g4" path="res://obstacles/bumper_round.tscn" id="6_uqcia"]
[ext_resource type="PackedScene" uid="uid://bonuuylcb7ta" path="res://items/umbrella.tscn" id="6_xsjt3"]
[ext_resource type="PackedScene" uid="uid://dcmqb318stod3" path="res://items/dagger.tscn" id="7_raj2r"]
[ext_resource type="PackedScene" uid="uid://ctr5y701uyn5k" path="res://obstacles/force_zone.tscn" id="7_vd2jn"]
[ext_resource type="PackedScene" uid="uid://bux7t5cejmnv8" path="res://items/great_sword.tscn" id="8_e4f64"]
[ext_resource type="PackedScene" uid="uid://o4y0ocmicixm" path="res://player/spawn.tscn" id="8_xsjt3"]

[sub_resource type="Environment" id="Environment_jirdo"]
ambient_light_source = 2
ambient_light_color = Color(0.41616848, 0.65643466, 0.7564457, 1)

[sub_resource type="StandardMaterial3D" id="StandardMaterial3D_bt44k"]
albedo_color = Color(0.17771304, 0.5520577, 0.43530717, 1)
albedo_texture = ExtResource("1_m3ocq")
uv1_scale = Vector3(0.1, 0.1, 0.1)
uv1_triplanar = true

[node name="Level4" type="Node3D" unique_id=1030056555]

[node name="DirectionalLight3D" type="DirectionalLight3D" parent="." unique_id=20630516]
transform = Transform3D(0.70710677, 0.5416752, -0.45451948, 0, 0.64278764, 0.76604444, 0.70710677, -0.5416752, 0.45451948, 0, 0, 0)
shadow_enabled = true

[node name="WorldEnvironment" type="WorldEnvironment" parent="." unique_id=1972146967]
environment = SubResource("Environment_jirdo")

[node name="Ground" type="Node3D" parent="." unique_id=772604053]

[node name="Base" type="CSGBox3D" parent="Ground" unique_id=791192927]
transform = Transform3D(1, 0, 0, 0, 1, 0, 0, 0, 1, 0, -1, 0)
size = Vector3(58, 1, 33)
material = SubResource("StandardMaterial3D_bt44k")

[node name="Border" type="Node3D" parent="Ground" unique_id=2054560647]

[node name="Top" type="CSGBox3D" parent="Ground/Border" unique_id=1430193274]
transform = Transform3D(1, 0, 0, 0, 1, 0, 0, 0, 1, 0, 0, -15)
use_collision = true
size = Vector3(51, 1, 1)
material = ExtResource("2_6bh7p")

[node name="Bottom" type="CSGBox3D" parent="Ground/Border" unique_id=1417298179]
transform = Transform3D(1, 0, 0, 0, 1, 0, 0, 0, 1, 0, 0, 15.7)
use_collision = true
size = Vector3(51, 1, 1)
material = ExtResource("2_6bh7p")

[node name="Left" type="CSGBox3D" parent="Ground/Border" unique_id=417879910]
transform = Transform3D(1, 0, 0, 0, 1, 0, 0, 0, 1, -25, 0, 0)
use_collision = true
size = Vector3(1, 1, 31)
material = ExtResource("2_6bh7p")

[node name="Right" type="CSGBox3D" parent="Ground/Border" unique_id=354431360]
transform = Transform3D(1, 0, 0, 0, 1, 0, 0, 0, 1, 25, 0, 0)
use_collision = true
size = Vector3(1, 1, 31)
material = ExtResource("2_6bh7p")

[node name="Hole" parent="." unique_id=1199113028 instance=ExtResource("3_yetvl")]
transform = Transform3D(1, 0, 0, 0, 1, 0, 0, 0, 1, 13.821638, 0, -0.18866348)

[node name="Items" type="Node3D" parent="." unique_id=1142739868]

[node name="Bat" parent="Items" unique_id=1772857852 instance=ExtResource("4_uqcia")]
transform = Transform3D(0.75668705, 0, 0.6537773, 0, 1, 0, -0.6537773, 0, 0.75668705, -22.981312, 0, 1.0943456)

[node name="Club" parent="Items" unique_id=1533407938 instance=ExtResource("5_vd2jn")]
transform = Transform3D(0.92730147, 0, 0.3743153, 0, 1, 0, -0.3743153, 0, 0.92730147, -22.130154, 0, -3.2830443)

[node name="Umbrella" parent="Items" unique_id=127153632 instance=ExtResource("6_xsjt3")]
transform = Transform3D(0.5839522, 0, -0.8117881, 0, 1, 0, 0.8117881, 0, 0.5839522, -18.968697, 0, -0.48637736)

[node name="Dagger" parent="Items" unique_id=445163338 instance=ExtResource("7_raj2r")]
transform = Transform3D(0.16282666, 0, -0.9866547, 0, 1, 0, 0.9866547, 0, 0.16282666, -19.759064, 0, 5.0461597)

[node name="Club2" parent="Items" unique_id=1318050431 instance=ExtResource("5_vd2jn")]
transform = Transform3D(-0.5900422, 0, -0.80737245, 0, 1, 0, 0.80737245, 0, -0.5900422, -17.20559, 0, 3.7694182)

[node name="Club3" parent="Items" unique_id=713936764 instance=ExtResource("5_vd2jn")]
transform = Transform3D(0.78426766, 0, -0.6204226, 0, 1, 0, 0.6204226, 0, 0.78426766, -18.056744, 0, -4.1342044)

[node name="GreatSword" parent="Items" unique_id=1126276417 instance=ExtResource("8_e4f64")]
transform = Transform3D(-0.086721115, 0, 0.9962326, 0, 1, 0, -0.9962326, 0, -0.086721115, 7.020462, 0, -7.5877724)

[node name="GreatSword2" parent="Items" unique_id=895161233 instance=ExtResource("8_e4f64")]
transform = Transform3D(0.83155686, 0, 0.55543965, 0, 1, 0, -0.55543965, 0, 0.83155686, 6.027672, 0, 5.7440143)

[node name="Balls" type="Node3D" parent="." unique_id=58076082]

[node name="Ball" parent="Balls" unique_id=1289526853 instance=ExtResource("4_tv6r2")]
transform = Transform3D(1, 0, 0, 0, 1, 0, 0, 0, 1, -12.041994, 0, 10.724577)

[node name="Ball2" parent="Balls" unique_id=2072227025 instance=ExtResource("4_tv6r2")]
transform = Transform3D(1, 0, 0, 0, 1, 0, 0, 0, 1, -22.44416, 0, -11.053638)

[node name="Ball3" parent="Balls" unique_id=530406940 instance=ExtResource("4_tv6r2")]
transform = Transform3D(1, 0, 0, 0, 1, 0, 0, 0, 1, -14.242857, 0, -11.554264)

[node name="Ball4" parent="Balls" unique_id=1610469948 instance=ExtResource("4_tv6r2")]
transform = Transform3D(1, 0, 0, 0, 1, 0, 0, 0, 1, -22.12509, 0, 12.197164)

[node name="Hazards" type="Node3D" parent="." unique_id=309463524]

[node name="Hedge" parent="Hazards" unique_id=761124046 instance=ExtResource("5_7bdfl")]
polygon = PackedVector2Array(-13.154501, 15.114909, -9.254246, 12.136532, -7.447647, 9.814082, -6.414095, 6.71343, -5.992214, 4.548761, -3.5811462, 3.98145, 1.3828163, 6.959829, 5.212158, 8.945414, 6.204956, 10.505516, 7.126835, 12.207445, 8.970589, 14.618513, 11.381657, 14.973083)

[node name="Hedge2" parent="Hazards" unique_id=1070105795 instance=ExtResource("5_7bdfl")]
transform = Transform3D(1, 0, 0, 0, -4.371139e-08, 1, 0, -1, -4.371139e-08, -0.9218788, -0.25, 11.346201)
polygon = PackedVector2Array(-13.7927265, -4.457286, -10.45978, -2.6135283, -8.261452, -0.41520214, -7.410486, 3.3432264, -6.3467827, 6.3925185, -5.921299, 9.158155, -3.9357147, 10.57643, -0.31911087, 8.874499, 3.2265778, 5.3997273, 7.4814034, 0.9321594, 9.183334, -0.41520214, 10.530693, -2.4007874, 15.42374, -4.457286)

[node name="BumperRound" parent="Hazards" unique_id=902257337 instance=ExtResource("6_uqcia")]
transform = Transform3D(1, 0, 0, 0, 1, 0, 0, 0, 1, -10.700291, 0, 4.742173)

[node name="BumperRound2" parent="Hazards" unique_id=148802914 instance=ExtResource("6_uqcia")]
transform = Transform3D(1, 0, 0, 0, 1, 0, 0, 0, 1, -13.253769, 0, -0.7903626)

[node name="BumperRound3" parent="Hazards" unique_id=180985760 instance=ExtResource("6_uqcia")]
transform = Transform3D(1, 0, 0, 0, 1, 0, 0, 0, 1, -10.27471, 0, -5.7149277)

[node name="ForceZone" parent="Hazards" unique_id=1003796369 instance=ExtResource("7_vd2jn")]
polygon = PackedVector2Array(-5.927717, 5.619081, -8.116415, 3.430385, -8.906778, -0.643021, -7.082863, -4.594833, -6.0493126, -2.2845433, -3.7390232, -1.615775, -0.9423561, -3.014108, 2.8878632, -6.8443255, 4.468586, -4.351644, 6.170906, -0.76461536, 5.988514, 4.281545, 3.0094604, 8.294154, -1.1855431, 5.9838634, -3.4350357, 4.58553)
direction = 2

[node name="BumperRound4" parent="Hazards" unique_id=595608655 instance=ExtResource("6_uqcia")]
transform = Transform3D(1, 0, 0, 0, 1, 0, 0, 0, 1, 19.75906, 0, 11.065074)

[node name="BumperRound5" parent="Hazards" unique_id=1417928645 instance=ExtResource("6_uqcia")]
transform = Transform3D(1, 0, 0, 0, 1, 0, 0, 0, 1, 20.068592, 0, -10.637064)

[node name="ForceZone2" parent="Hazards" unique_id=968617477 instance=ExtResource("7_vd2jn")]
transform = Transform3D(1, 0, 0, 0, -4.371139e-08, 1, 0, -1, -4.371139e-08, 18.508492, 0, -8.509651)
polygon = PackedVector2Array(6.384493, 6.4797153, -7.656431, 6.6924562, -6.37998, 3.5722504, -4.5362225, -1.1789699, -0.4232235, -4.7955713, 3.9734287, -6.355674, 6.5263233, -6.639329)
direction = 5

[node name="ForceZone3" parent="Hazards" unique_id=235111977 instance=ExtResource("7_vd2jn")]
transform = Transform3D(1, 0, 0, 0, -4.371139e-08, 1, 0, -1, -4.371139e-08, 19.217628, 0, 11.70077)
polygon = PackedVector2Array(5.6044407, 10.096319, 0.99505043, 9.74175, -3.9689121, 8.536218, -7.6564274, 5.5578384, -8.861963, 0.59387493, -9.287443, -3.235467, -6.9472904, -3.9446058, 5.888098, -4.157346)
direction = 7

[node name="Spawns" type="Node3D" parent="." unique_id=1590108862]

[node name="Spawn" parent="Spawns" unique_id=1097262877 instance=ExtResource("8_xsjt3")]
transform = Transform3D(1, 0, 0, 0, 1, 0, 0, 0, 1, -10.848648, 0, -12.560532)

[node name="Spawn2" parent="Spawns" unique_id=1554877121 instance=ExtResource("8_xsjt3")]
transform = Transform3D(1, 0, 0, 0, 1, 0, 0, 0, 1, -14.686855, 0, 12.233538)

[node name="Spawn3" parent="Spawns" unique_id=421355167 instance=ExtResource("8_xsjt3")]
transform = Transform3D(1, 0, 0, 0, 1, 0, 0, 0, 1, -22.060104, 0, -7.574525)

[node name="Spawn4" parent="Spawns" unique_id=108946388 instance=ExtResource("8_xsjt3")]
transform = Transform3D(1, 0, 0, 0, 1, 0, 0, 0, 1, -21.808115, 0, 9.33963)
